   Target    Comparison p_comp_target p_comp_target_max p_comp_target_MAP p_comp_target_MAP_max p_target_comp p_target_comp_max p_target_comp_MAP p_target_comp_MAP_max
0      o1   o1_t1_cs_d1    4.8725e-12       2.48776e-10       6.39978e-21           1.85649e-19   1.60125e-13       9.27271e-12       1.09709e-13           6.70723e-12
1      o1   o1_t1_cs_d2   7.19201e-09       3.61442e-07       1.45126e-10           3.71737e-09   4.27064e-08       2.86685e-06       7.64232e-08           5.12938e-06
2      o1   o1_t2_ap_d1   4.38589e-11       2.07081e-09       5.67776e-11           2.36284e-09   2.25688e-09       9.85522e-08       3.49735e-10           1.45195e-08
3      o1   o1_t2_ap_d2   7.40723e-13       3.89154e-11       1.33002e-14           5.02457e-13   5.82907e-09       2.96537e-07       2.31835e-10           1.41915e-08
4      o1   o1_t2_mf_d1   7.99514e-18       4.24849e-16       1.25732e-18           6.18267e-17   2.62774e-14       7.11547e-13       9.41533e-18            3.6768e-16
5      o1   o1_t2_mf_d2   6.17203e-08        3.7192e-06       2.83772e-09           1.45841e-07   1.85139e-08       1.05315e-06       5.34249e-09           3.44369e-07
6      o1   o1_t2_rp_d1   6.95778e-10       3.01259e-08       4.11473e-11           1.55999e-09   3.10694e-11       1.26064e-09       2.62344e-11           1.03153e-09
7      o1   o1_t2_rp_d2   3.48828e-19        1.0609e-17       7.58597e-23           2.52874e-21   6.93957e-17       2.26551e-15       1.82085e-19           6.31139e-18
8      o2   o2_t1_cs_d1    4.2489e-16       1.52811e-14       7.61594e-21            3.0889e-19   1.08014e-20       2.22125e-19       5.06895e-23           1.00436e-21
9      o2   o2_t1_cs_d2   1.04806e-11       3.09436e-10       1.46233e-18           3.76954e-17   4.69888e-16       1.63265e-14       1.36588e-15            4.9248e-14
10     o2   o2_t2_ap_d1   2.00172e-13       9.01824e-12       2.54936e-19           2.18166e-17   5.83811e-15       3.25323e-13       9.65263e-15           5.37482e-13
11     o2   o2_t2_ap_d2   1.39223e-11       9.88504e-10       1.76279e-11           1.35305e-09   1.42196e-09       8.08481e-08       2.34341e-09           1.34199e-07
12     o2   o2_t2_mf_d1   5.92978e-16       1.32676e-14       9.51565e-20           3.01166e-18   4.03393e-20       7.85047e-19       4.34623e-22           5.51344e-21
13     o2   o2_t2_mf_d2    6.0702e-13       3.10642e-11       1.77557e-16           2.75846e-15   2.88088e-14       9.96334e-13       3.88341e-14           1.29694e-12
14     o2   o2_t2_rp_d1   8.67693e-15       4.08758e-13       5.48304e-20           1.36184e-18   1.37589e-18       4.61149e-17       7.66682e-22            1.3915e-20
15     o2   o2_t2_rp_d2   8.61861e-15       3.86406e-13       7.70375e-15           3.63417e-13   1.06875e-12       5.52692e-11       3.56792e-14           1.96837e-12
16     o3   o3_t1_cs_d1    2.7913e-06       6.27197e-05       8.99895e-08            1.0219e-06   6.08825e-05        0.00110992       2.79048e-05           0.000503381
17     o3   o3_t1_cs_d2   0.000156048        0.00431589       2.56859e-07           1.66064e-06   0.000626996         0.0192994        0.00072698               0.02267
18     o3   o3_t2_ap_d1   2.37931e-05       0.000857059       4.17622e-06           5.59115e-05   0.000633169         0.0251726       0.000424803             0.0130766
19     o3   o3_t2_ap_d2   0.000604496         0.0235417       2.01669e-05           0.000383045   0.000883206         0.0238089        0.00104525             0.0221115
20     o3   o3_t2_mf_d1   6.89773e-07       1.38918e-05        2.3878e-09           2.79756e-08   5.84331e-07       1.03085e-05       2.99963e-08           1.48753e-07
21     o3   o3_t2_mf_d2   0.000368499         0.0110147       0.000560803             0.0180058   0.000917884         0.0270101        0.00129497             0.0373412
22     o3   o3_t2_rp_d1   4.27637e-09       4.73512e-08       1.44608e-09           2.04255e-08   3.90183e-06       5.81094e-05       3.96152e-06           5.11609e-05
23     o3   o3_t2_rp_d2   2.58515e-05        0.00072878       5.29856e-10            5.8719e-09   0.000334953        0.00772367       0.000380151            0.00851459
24     o4   o4_t1_cs_d1   2.34265e-12       1.05756e-10       2.68153e-15           7.02571e-14   6.54397e-12       2.14834e-10       7.62735e-16           2.37059e-14
25     o4   o4_t1_cs_d2   6.22984e-11       8.67187e-10       7.47248e-11           8.11536e-10   9.37895e-10       1.96524e-08       1.40757e-09           3.04031e-08
26     o4   o4_t2_ap_d1   1.30327e-11       4.95354e-10       5.07565e-12           1.57961e-10   2.54472e-11       1.32938e-09        3.3022e-12           1.09913e-10
27     o4   o4_t2_ap_d2   1.45127e-05        0.00078239       1.34119e-05           0.000667629   1.11246e-05        0.00076758       3.41979e-05            0.00229887
28     o4   o4_t2_mf_d1   5.96107e-13       1.90959e-11        5.8908e-18           5.89105e-17   1.10198e-13       4.14755e-12       6.84588e-14           2.46112e-12
29     o4   o4_t2_mf_d2   3.39546e-14        1.9266e-12        1.0566e-16           3.33924e-15   1.41223e-18        3.3267e-17       3.16968e-20           6.39876e-19
30     o4   o4_t2_rp_d1     7.072e-12       1.23249e-10       1.19621e-12           1.79069e-11   7.98877e-11       1.01746e-09       6.51925e-11           7.67947e-10
31     o4   o4_t2_rp_d2   6.70941e-08       3.34372e-06       2.31553e-07            1.4102e-05   3.84364e-09       1.42872e-07       2.04491e-09           6.71463e-08
32     o5   o5_t1_cs_d1   8.42245e-18        3.7364e-16        2.6161e-18           1.22572e-16   3.74778e-16       1.02658e-14       3.04964e-16           7.65306e-15
33     o5   o5_t1_cs_d2   1.44428e-11       1.09227e-09       8.13494e-13           4.71067e-11    7.7824e-10       4.70496e-08       3.89869e-25           9.61151e-24
34     o5   o5_t2_ap_d1   1.09946e-09       6.40147e-08       5.47512e-10           2.70563e-08   8.46605e-09       4.96923e-07       1.51129e-08           8.55811e-07
35     o5   o5_t2_ap_d2   1.08828e-13       5.37891e-12       2.05682e-15           9.32305e-14    1.1125e-12       3.30867e-11       2.83255e-13           7.36639e-12
36     o5   o5_t2_mf_d1   6.35277e-17       2.21567e-15       5.48138e-17           7.80687e-16   6.23273e-18        1.9521e-16       1.53908e-18           5.14361e-17
37     o5   o5_t2_mf_d2    1.9787e-11       1.41727e-09       1.37182e-12           8.76177e-11   1.50707e-09       1.11597e-07       1.50834e-13           1.20854e-11
38     o5   o5_t2_rp_d1   1.13216e-13        1.7414e-12       5.69526e-14           1.06964e-12   3.77781e-13       1.70394e-11       7.14812e-15           1.18444e-13
39     o5   o5_t2_rp_d2   3.89619e-08       1.48324e-06       3.59852e-08           1.08065e-06   3.05766e-14       6.85207e-13       2.82966e-14           4.62003e-13
40     o6   o6_t1_cs_d1   1.36244e-06       6.47466e-05       4.15416e-07           1.47803e-05   9.74211e-07       2.31092e-05       2.46302e-06           6.47213e-05
41     o6   o6_t1_cs_d2   1.01476e-10       5.08446e-09        2.4396e-10           1.29756e-08   1.87688e-07       1.09149e-05       1.55686e-08           6.99448e-07
42     o6   o6_t2_ap_d1   2.66939e-12       7.96789e-11        1.2843e-17           2.79288e-16   3.59173e-06        0.00030483       2.21774e-07           2.01461e-05
43     o6   o6_t2_ap_d2   3.49313e-08       1.46518e-06        1.0162e-11           2.77586e-10   1.16611e-07       6.93846e-06        7.2047e-10           6.61295e-08
44     o6   o6_t2_mf_d1    7.9658e-12       2.79323e-10       2.91615e-12           4.98428e-11   1.78024e-10       1.44738e-08       2.41058e-10           2.76219e-08
45     o6   o6_t2_mf_d2   2.10844e-09        4.4085e-08       6.36365e-09           1.29122e-07   2.42751e-07       1.12508e-05       7.58513e-08           2.92933e-06
46     o6   o6_t2_rp_d1   1.98475e-05        0.00105115       2.85654e-10           6.21967e-09   1.42412e-06       0.000108974       5.06909e-07           3.39205e-05
47     o6   o6_t2_rp_d2   4.00885e-07       2.15988e-05       6.55103e-07           3.72683e-05   1.26164e-06       9.36562e-05       1.94148e-06            0.00014232
48     o7   o7_t1_cs_d1   1.99457e-08       1.09169e-06       1.66754e-07           9.47074e-06   1.07203e-07       5.36243e-06        1.1408e-07            5.6854e-06
49     o7   o7_t1_cs_d2    9.7791e-06       0.000387995       9.23016e-06            0.00037811   9.01878e-08       3.11215e-06       2.12837e-08           6.57183e-07
50     o7   o7_t2_ap_d1   1.28168e-06       6.82985e-05        1.7331e-07            7.2699e-06   1.10966e-07       3.98597e-06       2.07169e-09            9.5344e-08
51     o7   o7_t2_ap_d2   6.60021e-07       3.45956e-05       2.39202e-08           8.38166e-07    4.1886e-07       1.45691e-05       6.07557e-08           1.68738e-06
52     o7   o7_t2_mf_d1   3.39488e-10       2.02833e-08       3.05552e-10           1.31437e-08   1.78001e-17        1.9919e-16       4.42041e-17           3.56302e-16
53     o7   o7_t2_mf_d2   1.62381e-12       6.30774e-11       2.36933e-14           3.32517e-13   3.87737e-11       1.71233e-09       2.32657e-14           1.06975e-12
54     o7   o7_t2_rp_d1   4.28875e-12       4.72302e-11       4.75679e-13           6.82285e-12   1.08375e-13        1.4804e-12       1.06889e-13           1.49411e-12
55     o7   o7_t2_rp_d2   3.42873e-07       9.81009e-06       1.23144e-06           4.62515e-05   9.01551e-08       2.55147e-06        7.3508e-08           1.92059e-06
56     o8   o8_t1_cs_d1   4.56023e-18       1.39639e-16       2.44088e-23           3.72205e-22   1.31599e-15       4.36893e-14       2.09926e-16            5.7482e-15
57     o8   o8_t1_cs_d2   3.09116e-08       1.39622e-06       2.17345e-14           6.36573e-13   1.97846e-10       8.75426e-09       5.61753e-10           2.23015e-08
58     o8   o8_t2_ap_d1   1.54886e-17       8.73963e-16       1.83668e-17           8.82594e-16    1.4879e-18       6.59176e-17       4.69821e-18           2.15138e-16
59     o8   o8_t2_ap_d2    5.6363e-09       2.08934e-07       4.10972e-08           1.51233e-06   2.36089e-07       1.24505e-05       1.43395e-07           6.07648e-06
60     o8   o8_t2_mf_d1   1.07904e-16       6.59808e-15       1.22622e-17           3.58418e-16   3.24488e-14        9.6963e-13       1.91964e-14           7.33621e-13
61     o8   o8_t2_mf_d2   3.07911e-11       1.70769e-09        1.8772e-18           4.00761e-17   6.18691e-11       3.03591e-09       9.50793e-11           4.45877e-09
62     o8   o8_t2_rp_d1   3.60029e-10        1.8475e-08       7.43479e-13           1.48275e-11   5.90308e-09       1.91693e-07       1.34799e-15           5.54472e-14
63     o8   o8_t2_rp_d2   8.55665e-11       3.78994e-09       1.29589e-09           5.79635e-08   2.77207e-10       1.24056e-08       1.93041e-10           7.08831e-09
64     o9   o9_t1_cs_d1   1.87476e-08       3.35129e-07       1.78065e-10            2.1006e-09   2.14424e-08       1.37129e-06       1.59547e-10           6.43873e-09
65     o9   o9_t1_cs_d2    1.5519e-06       7.84372e-05       1.60487e-15           1.71875e-14   4.89222e-08       2.30453e-06         1.645e-12           1.32191e-10
66     o9   o9_t2_ap_d1   7.84316e-12       1.91213e-10       2.85713e-13           5.01134e-12    2.3536e-15       1.32594e-13       1.70488e-17           5.73689e-16
67     o9   o9_t2_ap_d2   2.19885e-10        9.4774e-09       1.62223e-16            2.1359e-15   1.83615e-10       9.53366e-09       1.55002e-12           7.19536e-11
68     o9   o9_t2_mf_d1   9.03112e-17       3.63038e-15       5.91601e-16           2.39295e-14   2.20667e-17       4.51353e-16       3.50408e-17           8.71286e-16
69     o9   o9_t2_mf_d2   2.24956e-06       0.000161472       8.39303e-07           5.64022e-05   1.53692e-06       0.000117242       1.73143e-07           1.12669e-05
70     o9   o9_t2_rp_d1   4.12441e-08       6.66166e-07       1.38418e-11           2.41722e-10   3.99039e-11       8.73389e-10        1.4592e-11           1.80097e-10
71     o9   o9_t2_rp_d2   1.16683e-06       6.18077e-05       2.72109e-08           8.98656e-07   5.68323e-06       0.000352491       4.73228e-06           0.000299811
72    o10  o10_t1_cs_d1   3.02132e-25       1.60964e-23       6.05008e-34           3.73054e-32   1.01982e-15       4.68079e-14       3.45144e-20            1.5283e-18
73    o10  o10_t1_cs_d2   3.80531e-08       2.85179e-06       1.64337e-19            9.4835e-18   2.93875e-10        1.6624e-08       1.06404e-17           4.76942e-16
74    o10  o10_t2_ap_d1   8.74209e-14       3.63951e-12       3.75631e-17           1.56257e-15   5.94357e-12       4.16225e-10       5.15018e-12           3.31326e-10
75    o10  o10_t2_ap_d2   2.22006e-14       1.08417e-12       2.12129e-21           1.61442e-19   4.40443e-12       3.44275e-10       2.95045e-19           1.21617e-17
76    o10  o10_t2_mf_d1   4.57667e-08       2.53895e-06       6.49783e-09           3.32631e-07   2.67021e-08       1.76438e-06        3.6444e-08           2.32101e-06
77    o10  o10_t2_mf_d2   4.94892e-12       1.70434e-10       2.77138e-19           4.69703e-18   7.32919e-14       1.44997e-12        2.0524e-16           2.45965e-15
78    o10  o10_t2_rp_d1   3.11131e-10       2.26452e-08       4.59951e-15           3.19384e-13   3.03306e-07       2.23638e-05       2.89428e-15           1.55186e-13
79    o10  o10_t2_rp_d2   8.47845e-08        2.4599e-06       7.55756e-15           3.45342e-13   1.07939e-08       5.84215e-07       6.42142e-11           2.61413e-09