   Target    Comparison p_comp_target p_target_comp         p_avg p_comp_target_w p_target_comp_w       p_avg_w p_comp_target_MAP p_target_comp_MAP     p_avg_MAP p_comp_target_MAP_w p_target_comp_MAP_w   p_avg_MAP_w
0      o1   o1_t1_cs_d1  1.67306e-123  1.49715e-122  8.32226e-123    2.36832e-130    1.34111e-136  1.18416e-130       4.1349e-134      4.68299e-140  2.06745e-134        1.76847e-135        3.40161e-141  8.84239e-136
1      o1   o1_t1_cs_d2   4.29528e-49   4.30595e-71   2.14764e-49     4.77276e-52     2.11509e-73   2.38638e-52       3.34362e-53        1.0383e-73   1.67181e-53         1.73027e-54         4.75566e-75   8.65134e-55
2      o1   o1_t2_ap_d1   8.90896e-52   2.62749e-50   1.35829e-50     5.88689e-52     2.49251e-51    1.5406e-51       6.08942e-50       7.75246e-50   6.92094e-50         2.18907e-51          3.0347e-51   2.61188e-51
3      o1   o1_t2_ap_d2  7.06324e-131  3.88828e-100  1.94414e-100    5.19111e-132    7.85201e-115    3.926e-115      2.48769e-139      1.84114e-111  9.20569e-112        1.16796e-140         4.2832e-113   2.1416e-113
4      o1   o1_t2_mf_d1  1.52134e-107   2.37148e-78   1.18574e-78    9.95803e-108     7.72294e-92   3.86147e-92      2.89639e-112       2.8173e-104  1.40865e-104        1.41165e-113        1.07789e-105  5.38946e-106
5      o1   o1_t2_mf_d2   1.09324e-44   3.43455e-49   5.46639e-45     1.56822e-48     8.87758e-51   7.88549e-49       7.45365e-58       2.10202e-49   1.05101e-49         3.45597e-59         1.07807e-50   5.39037e-51
6      o1   o1_t2_rp_d1   1.49211e-70   1.37829e-76   7.46056e-71     2.65884e-77     4.32715e-78   1.54578e-77       1.34058e-83       8.59708e-78   4.29855e-78         6.20039e-85         5.18897e-79   2.59449e-79
7      o1   o1_t2_rp_d2  8.04269e-132  3.69837e-113  1.84918e-113     2.1296e-133    4.63711e-115  2.31855e-115      1.51983e-133      2.08856e-119  1.04428e-119        6.99068e-135        4.49645e-121  2.24822e-121
8      o2   o2_t1_cs_d1  5.71474e-121  9.85455e-139  2.85737e-121    1.15087e-124    7.97252e-142  5.75436e-125      5.28341e-126      2.64987e-151   2.6417e-126        3.59821e-127        6.83332e-153  1.79911e-127
9      o2   o2_t1_cs_d2  1.14801e-139  3.10421e-118  1.55211e-118    8.75928e-143    1.32029e-124  6.60143e-125      4.28763e-137      4.10527e-129  2.05264e-129        1.97924e-138        2.12604e-130  1.06302e-130
10     o2   o2_t2_ap_d1  3.22572e-109  1.41887e-254  1.61286e-109    1.06709e-113    9.45913e-256  5.33546e-114      2.46954e-123       1.0506e-255  1.23477e-123        8.41032e-125        2.86526e-256  4.20516e-125
11     o2   o2_t2_ap_d2  3.92149e-221   1.62178e-68   8.10892e-69    5.34078e-224     1.41118e-71   7.05592e-72      6.49781e-229       6.59227e-98   3.29613e-98        4.18938e-230          3.9813e-99   1.99065e-99
12     o2   o2_t2_mf_d1  7.86345e-145  2.51025e-161  3.93173e-145    1.66532e-146    2.17934e-167  8.32662e-147      2.38845e-151      4.66833e-177  1.19422e-151        9.68224e-153        2.07914e-178  4.84112e-153
13     o2   o2_t2_mf_d2  5.49706e-122  1.05323e-153  2.74853e-122    3.59455e-123    2.44972e-156  1.79728e-123       5.8065e-122       5.2917e-162  2.90325e-122        1.67471e-123          1.888e-163  8.37355e-124
14     o2   o2_t2_rp_d1   5.2848e-143  4.04578e-186   2.6424e-143    3.45276e-143    1.01182e-192  1.72638e-143      4.26688e-167      1.01817e-196  2.13344e-167        1.22749e-168        5.02485e-198  6.13746e-169
15     o2   o2_t2_rp_d2    8.7177e-65   1.54178e-81   4.35885e-65     5.72612e-67     2.74372e-83   2.86306e-67       1.06261e-66       3.58308e-81   5.31305e-67          3.0583e-68         1.37985e-82   1.52915e-68
16     o3   o3_t1_cs_d1   2.44224e-38   2.49267e-49   1.22112e-38      1.2858e-39     2.97618e-51     6.429e-40       5.17601e-36       7.62708e-51     2.588e-36         2.42432e-37         3.99021e-52   1.21216e-37
17     o3   o3_t1_cs_d2   1.67257e-23   1.85729e-15   9.28645e-16     8.78685e-25     2.82784e-18   1.41392e-18       1.23266e-21       6.91433e-14   3.45717e-14         5.77357e-23         3.27723e-15   1.63861e-15
18     o3   o3_t2_ap_d1   3.43346e-32   4.05541e-32   3.74443e-32     1.80759e-33     8.35426e-35   9.45568e-34        1.0755e-30       1.26265e-45   5.37752e-31         5.03741e-32          6.2826e-47   2.51871e-32
19     o3   o3_t2_ap_d2    8.5692e-13   6.42634e-15   4.31673e-13     9.40698e-14     6.30486e-15   5.01874e-14       8.14166e-11        2.3931e-17   4.07083e-11         3.81347e-12         1.35077e-18   1.90674e-12
20     o3   o3_t2_mf_d1   8.18941e-30   1.91482e-31   4.19044e-30     9.49794e-31     3.07927e-32   4.90294e-31       7.92564e-30       1.10036e-59   3.96282e-30         3.71219e-31         5.51252e-61   1.85609e-31
21     o3   o3_t2_mf_d2   8.79822e-17   3.96337e-32   4.39911e-17     6.55256e-18     7.10728e-34   3.27628e-18       3.64437e-15       1.87189e-32   1.82219e-15         1.70694e-16         8.87561e-34   8.53471e-17
22     o3   o3_t2_rp_d1   2.56373e-57   3.51966e-41   1.75983e-41     6.91898e-59     2.30026e-42   1.15013e-42       3.68451e-64       3.46681e-42    1.7334e-42         1.72995e-65          1.8315e-43   9.15752e-44
23     o3   o3_t2_rp_d2   5.98962e-39   6.94633e-59   2.99481e-39      1.5177e-40     6.09927e-65   7.58851e-41       1.47719e-36       1.64788e-63   7.38596e-37         6.96605e-38         8.41684e-65   3.48303e-38
24     o4   o4_t1_cs_d1  2.47835e-162  1.28998e-114  6.44989e-115    7.10827e-163    1.24561e-114  6.22807e-115      1.50719e-166      8.18104e-103  4.09052e-103        8.54571e-168        3.63048e-104  1.81524e-104
25     o4   o4_t1_cs_d2   7.53195e-82   1.54781e-73   7.73907e-74     2.97752e-86     1.86115e-75   9.30577e-76       8.67705e-89        2.7324e-72    1.3662e-72         3.96825e-90         1.14756e-73   5.73781e-74
26     o4   o4_t2_ap_d1  9.26091e-167   1.20339e-67   6.01695e-68    5.02972e-170     7.14709e-74   3.57355e-74      4.31303e-183        6.6048e-71    3.3024e-71        1.72034e-184         3.56776e-72   1.78388e-72
27     o4   o4_t2_ap_d2   6.01179e-34   2.31323e-70    3.0059e-34       1.385e-35     1.91472e-71   6.92498e-36       3.24123e-33       2.88511e-63   1.62062e-33         1.39886e-34         1.55061e-64    6.9943e-35
28     o4   o4_t2_mf_d1  5.59697e-180  6.27025e-101  3.13513e-101    7.26683e-185     3.3741e-104  1.68705e-104      3.32071e-186      8.61712e-172  4.30856e-172        1.38071e-187        3.45222e-173  1.72611e-173
29     o4   o4_t2_mf_d2  4.12594e-158  2.92145e-122  1.46072e-122    3.05514e-163    2.46474e-124  1.23237e-124      1.65023e-164      2.71776e-138  1.35888e-138        8.35341e-166        1.47985e-139  7.39926e-140
30     o4   o4_t2_rp_d1   1.01056e-94  5.07221e-101   5.05282e-95    7.33552e-100      4.118e-102  3.68835e-100      9.80851e-105       2.0828e-101  1.04189e-101        4.75363e-106         1.0653e-102   5.3289e-103
31     o4   o4_t2_rp_d2   8.85222e-89   5.00424e-77   2.50212e-77      2.1363e-91     2.03952e-79   1.01976e-79       1.33973e-94       1.31317e-78   6.56583e-79          7.3026e-96         7.02931e-80   3.51466e-80
32     o5   o5_t1_cs_d1  2.04937e-150  2.81911e-107  1.40956e-107     7.0407e-151    1.65137e-108  8.25684e-109      8.39455e-156      7.07954e-120  3.53977e-120        5.66283e-157        2.44048e-121  1.22024e-121
33     o5   o5_t1_cs_d2  8.53637e-173  1.30916e-201  4.26819e-173    2.08207e-173    2.35534e-210  1.04103e-173      1.59642e-194       2.5547e-214   7.9821e-195        5.26236e-196        7.64961e-216  2.63118e-196
34     o5   o5_t2_ap_d1   6.52322e-57   9.57767e-50   4.78884e-50     7.57713e-58     2.02787e-52   1.01394e-52       7.01253e-54       1.16963e-51   5.88323e-52         2.80497e-55         7.19517e-53   3.61161e-53
35     o5   o5_t2_ap_d2  4.10773e-114  3.78076e-133  2.05386e-114    6.32043e-117    9.21686e-149  3.16022e-117      2.47125e-123      1.11829e-147  1.23562e-123        8.18087e-125        7.17388e-149  4.09044e-125
36     o5   o5_t2_mf_d1  2.09712e-132  2.31497e-122  1.15749e-122    2.24168e-133    6.05828e-128  3.02915e-128      9.91537e-135      1.38717e-133  7.43162e-134        4.16549e-136        3.74787e-135  2.08221e-135
37     o5   o5_t2_mf_d2  1.98206e-154  3.88737e-162  9.91032e-155    5.53637e-158    9.08442e-170  2.76818e-158       1.3288e-194      4.75607e-194  3.04243e-194        4.26071e-196         2.4301e-195  1.42808e-195
38     o5   o5_t2_rp_d1  2.54022e-119  9.29148e-105  4.64574e-105    6.16755e-123    1.07162e-107  5.35812e-108      3.08874e-122      5.67023e-112  2.83511e-112        1.01667e-123        3.48536e-113  1.74268e-113
39     o5   o5_t2_rp_d2  8.70953e-117  4.44514e-109  2.22257e-109    2.91643e-119    4.99479e-120  1.70796e-119      3.74002e-118       3.8651e-130  1.87001e-118        2.70908e-119        1.39651e-131  1.35454e-119
40     o6   o6_t1_cs_d1   5.78447e-34    1.2453e-29    6.2268e-30     3.27292e-35     9.02549e-32   4.51438e-32       2.10213e-33       1.05796e-28   5.28992e-29         1.22022e-34          4.4252e-30   2.21266e-30
41     o6   o6_t1_cs_d2   3.93521e-76   1.48394e-76   2.70957e-76     7.18422e-79     7.40557e-80   3.96239e-79       5.10299e-80       1.39842e-84   2.55156e-80         2.71807e-81         6.12157e-86   1.35907e-81
42     o6   o6_t2_ap_d1   4.5209e-131  1.41403e-119  7.07014e-120    4.42506e-133    1.75728e-121  8.78641e-122      3.91434e-126       3.2171e-125  1.80427e-125        2.41271e-127         1.5891e-126  9.15185e-127
43     o6   o6_t2_ap_d2   3.23809e-91   4.12804e-44   2.06402e-44     4.75051e-93     1.55471e-61   7.77355e-62       6.55557e-91       1.24459e-69   6.22295e-70         4.13378e-92         5.17807e-71   2.58904e-71
44     o6   o6_t2_mf_d1  4.56293e-110  8.84026e-129  2.28147e-110    6.70896e-112    7.10629e-130  3.35448e-112      1.44739e-111      1.98372e-130  7.23694e-112        8.92809e-113        9.99831e-132  4.46405e-113
45     o6   o6_t2_mf_d2   4.97096e-89    1.0472e-76   5.23602e-77     1.78469e-91     2.60634e-85   1.30317e-85        2.8424e-87      1.10889e-114    1.4212e-87         1.43108e-88        2.89878e-116   7.15541e-89
46     o6   o6_t2_rp_d1    2.0131e-88   4.53581e-54    2.2679e-54     1.65487e-91     3.42638e-57   1.71319e-57       1.26702e-90         1.308e-68      6.54e-69         5.98064e-92         4.13398e-70   2.06699e-70
47     o6   o6_t2_rp_d2   1.89242e-24   1.36783e-13   6.83916e-14     1.92233e-25     4.16316e-15   2.08158e-15       4.04806e-23       1.75231e-17   8.76156e-18         2.24665e-24         7.91278e-19    3.9564e-19
48     o7   o7_t1_cs_d1  7.73929e-172  6.38335e-211  3.86965e-172    2.10783e-173    1.36711e-216  1.05392e-173      6.39324e-178      8.21217e-225  3.19662e-178        2.87006e-179        4.12452e-226  1.43503e-179
49     o7   o7_t1_cs_d2   3.57633e-50    3.9348e-63   1.78817e-50     1.48863e-51     5.33578e-66   7.44315e-52        5.9877e-63       4.46514e-64   3.21711e-63          1.7507e-64         2.48447e-65   9.99572e-65
50     o7   o7_t2_ap_d1  1.11036e-157  2.38308e-181   5.5518e-158    3.03859e-159    5.49945e-184  1.51929e-159       6.3123e-166       2.1181e-191  3.15615e-166        3.35106e-167        6.92797e-193  1.67553e-167
51     o7   o7_t2_ap_d2  9.89995e-113  2.84851e-121  4.94998e-113    3.32482e-114    1.12896e-123  1.66241e-114      1.96211e-114      2.71052e-130  9.81056e-115        1.17378e-115        9.30705e-132   5.8689e-116
52     o7   o7_t2_mf_d1   1.0136e-129  3.77968e-143  5.06801e-130    4.20733e-131    9.16231e-148  2.10366e-131      1.57549e-143      5.63349e-148  7.87771e-144        6.88942e-145        3.60973e-149  3.44489e-145
53     o7   o7_t2_mf_d2  6.22594e-113  9.12946e-103  4.56473e-103    8.93799e-114    2.42431e-103  1.21216e-103      1.48824e-122      4.76439e-106   2.3822e-106        6.34887e-124        2.84531e-107  1.42265e-107
54     o7   o7_t2_rp_d1  3.99202e-109  4.27949e-117  1.99601e-109    5.88784e-110    4.35099e-119  2.94392e-110      4.30086e-114       1.8893e-117  2.15137e-114        2.08097e-115        9.56581e-119  1.04096e-115
55     o7   o7_t2_rp_d2    7.7786e-94   5.68462e-88   2.84231e-88     7.31798e-95     1.08333e-88   5.41667e-89      3.71147e-101       3.46093e-89   1.73046e-89        1.38274e-102         1.62847e-90   8.14233e-91
56     o8   o8_t1_cs_d1  1.12435e-175  4.02592e-130  2.01296e-130    1.45886e-180    2.10491e-134  1.05246e-134      7.51611e-222      5.70181e-169   2.8509e-169        2.43647e-223        2.73552e-170  1.36776e-170
57     o8   o8_t1_cs_d2   3.61841e-99    2.0699e-65   1.03495e-65    4.56044e-100     5.65869e-69   2.82934e-69      2.97988e-100       3.03566e-70   1.51783e-70        1.73234e-101         2.70956e-71   1.35478e-71
58     o8   o8_t2_ap_d1  6.37476e-141   3.0696e-142  3.34086e-141      1.014e-145    2.47732e-142  1.23917e-142      1.08157e-189      5.31107e-133  2.65553e-133        6.32503e-191          3.169e-134   1.5845e-134
59     o8   o8_t2_ap_d2   2.24887e-46    1.9309e-91   1.12443e-46     7.23901e-47     1.75463e-92    3.6195e-47       7.08903e-85       1.10491e-90   3.54452e-85         4.12908e-86          5.4918e-92   2.06454e-86
60     o8   o8_t2_mf_d1   8.0414e-123  1.48665e-113  7.43323e-114    1.36595e-128    1.12956e-114  5.64779e-115      1.21403e-136      7.33336e-114  3.66668e-114        9.42408e-138        3.37624e-115  1.68812e-115
61     o8   o8_t2_mf_d2  3.30779e-162    9.1828e-59    4.5914e-59    6.59729e-168     1.29967e-59   6.49834e-60      1.73063e-181        2.4639e-60   1.23195e-60        5.63959e-183         1.02574e-61   5.12869e-62
62     o8   o8_t2_rp_d1   5.06115e-84   1.37546e-67    6.8773e-68     3.81616e-85     3.99223e-69   1.99612e-69       3.02837e-78       7.32309e-69   3.66154e-69           1.756e-79         2.70095e-70   1.35048e-70
63     o8   o8_t2_rp_d2   3.37603e-78   8.93615e-77   4.63688e-77     3.55675e-83     7.68163e-79     3.841e-79       8.97303e-93       8.09514e-79   4.04757e-79         3.02168e-94         3.14979e-80    1.5749e-80
64     o9   o9_t1_cs_d1  6.51528e-117  1.55895e-115  8.12054e-116    2.84291e-121    3.05366e-119  1.54105e-119      7.43348e-130      2.58693e-116  1.29347e-116        1.17305e-131        1.06589e-117  5.32945e-118
65     o9   o9_t1_cs_d2  2.54733e-133  6.71983e-133  4.63358e-133    1.17805e-137    5.03871e-138  8.40962e-138      2.32598e-147      1.10908e-133  5.54539e-134         3.6827e-149        4.68259e-135  2.34129e-135
66     o9   o9_t2_ap_d1  1.87494e-125  1.29373e-127  9.43936e-126    6.41356e-128    9.77762e-132  3.20727e-128      4.09346e-132      3.44593e-129  1.72501e-129        6.88023e-134        1.49318e-130  7.46935e-131
67     o9   o9_t2_ap_d2  2.64884e-145  1.76294e-136   8.8147e-137    1.14245e-149    1.27021e-142  6.35104e-143      4.67351e-158      8.56015e-144  4.28008e-144        7.69702e-160         3.7469e-145  1.87345e-145
68     o9   o9_t2_mf_d1  5.82844e-167  4.38933e-148  2.19467e-148    2.08047e-169    8.80764e-160  4.40382e-160      1.91367e-174      8.41777e-166  4.20889e-166         3.0222e-176         4.5633e-167  2.28165e-167
69     o9   o9_t2_mf_d2   1.05808e-62   5.86955e-57   2.93478e-57     3.76365e-67     4.64493e-60   2.32247e-60       1.90632e-68       1.32826e-68   1.61729e-68         5.19081e-70         6.10976e-70   5.65028e-70
70     o9   o9_t2_rp_d1  3.08574e-112  2.12483e-113  1.64911e-112    1.41619e-115    5.49423e-116  9.82807e-116      4.98878e-122      5.86131e-119  2.93315e-119        8.33676e-124        2.87962e-120  1.44023e-120
71     o9   o9_t2_rp_d2  1.54229e-110   1.1843e-118  7.71143e-111     7.6272e-115    3.19936e-123   3.8136e-115      2.59797e-120      7.06767e-114  3.53384e-114        4.10374e-122        2.92898e-115  1.46449e-115
72    o10  o10_t1_cs_d1  1.89582e-172  3.56392e-263  9.47912e-173    2.31921e-182    7.70828e-284  1.15961e-182      3.21819e-206                 0  1.60909e-206        7.35271e-208                   0  3.67635e-208
73    o10  o10_t1_cs_d2   1.5886e-132  8.92994e-157    7.943e-133    5.23028e-143    5.59552e-183  2.61514e-143      1.76183e-140      6.64267e-232  8.80913e-141        5.23676e-142        2.09652e-233  2.61838e-142
74    o10  o10_t2_ap_d1   5.4962e-119  2.00167e-155   2.7481e-119    3.67944e-120     8.3912e-159  1.83972e-120      3.57074e-108      1.04085e-159  1.78537e-108        1.21912e-109        6.31712e-161  6.09562e-110
75    o10  o10_t2_ap_d2  4.71347e-183    7.705e-226  2.35674e-183    6.25409e-184    4.98276e-230  3.12704e-184      2.88072e-169      9.09732e-232  1.44036e-169        1.27108e-170         4.3255e-233  6.35539e-171
76    o10  o10_t2_mf_d1   1.42875e-42   1.82721e-51   7.14377e-43     2.87086e-49     1.36015e-54   1.43544e-49       1.42096e-40       2.33804e-53   7.10482e-41         3.68389e-42         1.07517e-54   1.84194e-42
77    o10  o10_t2_mf_d2  5.59352e-103  1.35044e-120  2.79676e-103    3.40082e-103    3.88223e-125  1.70041e-103      1.83568e-114       2.7747e-150  9.17842e-115        5.84717e-116        1.04772e-151  2.92359e-116
78    o10  o10_t2_rp_d1  1.99659e-128  4.21606e-105  2.10803e-105    3.75959e-129    1.09274e-123  5.46373e-124      3.36354e-127      1.57335e-130  1.68255e-127        1.05353e-128        7.42288e-132  5.27136e-129
79    o10  o10_t2_rp_d2  3.13118e-103  4.14435e-151  1.56559e-103    1.90379e-103    2.80425e-153  9.51896e-104      1.87066e-104      9.98687e-150  9.35331e-105        5.24081e-106         4.2961e-151  2.62041e-106