   Target    Comparison p_comp_target p_target_comp         p_avg p_comp_target_w p_target_comp_w       p_avg_w p_comp_target_MAP p_target_comp_MAP     p_avg_MAP p_comp_target_MAP_w p_target_comp_MAP_w   p_avg_MAP_w
0      o1   o1_t1_cs_d1   6.55588e-82  3.67807e-134   3.27794e-82     5.33615e-90    2.39414e-136   2.66808e-90      4.36629e-102       4.8232e-139  2.18314e-102         2.2607e-103        2.33705e-140  1.13035e-103
1      o1   o1_t1_cs_d2   9.51905e-60   1.49882e-22   7.49412e-23     7.68525e-62     7.68409e-23   3.84204e-23       1.09177e-60       2.20573e-20   1.10287e-20         4.95991e-62         1.07896e-21   5.39479e-22
2      o1   o1_t2_ap_d1   3.88249e-65   2.16376e-55   1.08188e-55     1.10786e-66     2.15068e-55   1.07534e-55       1.16141e-65       3.81248e-47   1.90624e-47         5.62306e-67          2.5087e-48   1.25435e-48
3      o1   o1_t2_ap_d2   3.40306e-72     1.11e-112   1.70153e-72     6.38316e-81     1.0358e-114   3.19158e-81       4.63776e-92      1.49482e-114   2.31888e-92         2.10747e-93         6.1225e-116   1.05374e-93
4      o1   o1_t2_mf_d1  2.19153e-108  7.86272e-112  1.09616e-108    9.24881e-112    3.05356e-114  4.63967e-112      1.18798e-112      4.26778e-114  6.15331e-113         5.8335e-114        1.66353e-115  2.99993e-114
5      o1   o1_t2_mf_d2   2.26616e-39   5.95761e-38   3.09212e-38     1.84343e-41     5.81751e-38   2.90967e-38       8.91641e-39       1.01842e-35   5.09658e-36         4.52294e-40         6.20182e-37   3.10317e-37
6      o1   o1_t2_rp_d1   4.79575e-49   4.52591e-73   2.39787e-49     3.69847e-57     4.59539e-77   1.84923e-57       3.80913e-66       6.03838e-76   1.90457e-66         2.23581e-67         1.60318e-77    1.1179e-67
7      o1   o1_t2_rp_d2  6.80882e-105  8.96412e-102  4.48546e-102    9.51559e-108    1.02436e-102  5.12183e-103      3.35104e-103      3.92301e-101  1.97826e-101        1.56939e-104        9.36108e-103  4.75901e-103
8      o2   o2_t1_cs_d1  1.14151e-134  1.49026e-165  5.70755e-135    6.74968e-137    1.25553e-168  3.37484e-137      3.58615e-137      2.04176e-168  1.79308e-137        1.52404e-138        6.86836e-170   7.6202e-139
9      o2   o2_t1_cs_d2  2.09457e-124    3.7561e-96   1.87805e-96    4.70657e-127     1.87609e-99  9.38043e-100        1.175e-127      2.89795e-107  1.44898e-107        6.63794e-129        1.54974e-108  7.74868e-109
10     o2   o2_t2_ap_d1  5.23487e-105  2.93587e-167  2.61743e-105    1.28557e-106    2.51546e-170  6.42783e-107      2.17208e-116      2.46302e-166  1.08604e-116        8.11649e-118        8.85966e-168  4.05824e-118
11     o2   o2_t2_ap_d2  8.22804e-192  1.57977e-100  7.89887e-101    1.85461e-194     1.1511e-105  5.75552e-106      1.68342e-194      6.01172e-110  3.00586e-110        5.04232e-196        2.10959e-111   1.0548e-111
12     o2   o2_t2_mf_d1  4.54332e-150  1.26419e-133  6.32096e-134    1.46847e-153    4.08319e-140   2.0416e-140      1.47409e-164      2.04457e-147  1.02229e-147        4.88111e-166        7.48838e-149  3.74419e-149
13     o2   o2_t2_mf_d2  1.03003e-103   7.55395e-97   3.77698e-97    2.60936e-106     6.01274e-99   3.00637e-99      3.25477e-105       8.03914e-98   4.01957e-98        2.08711e-106           3.414e-99     1.707e-99
14     o2   o2_t2_rp_d1   3.1996e-182  1.02531e-170  5.12656e-171    8.06918e-184    4.56298e-175  2.28149e-175      5.64871e-200       1.0638e-172  5.31901e-173        1.72177e-201         5.8656e-174   2.9328e-174
15     o2   o2_t2_rp_d2   1.18467e-78   2.30723e-73   1.15362e-73     1.21313e-81     8.70369e-82   1.04175e-81       5.97505e-80       8.16408e-86   2.98753e-80          1.9546e-81         5.90678e-87   9.77302e-82
16     o3   o3_t1_cs_d1   1.31164e-22    6.1961e-29   6.55822e-23     1.02276e-25      3.8855e-29   5.11576e-26       5.57688e-20       2.41174e-29   2.78844e-20         2.33416e-21         1.08872e-30   1.16708e-21
17     o3   o3_t1_cs_d2   1.12335e-13   7.08324e-13   4.10329e-13     1.93409e-18     2.58336e-14   1.29178e-14       4.02299e-14       1.38849e-11   6.96254e-12         1.36542e-15         6.63139e-13   3.32252e-13
18     o3   o3_t2_ap_d1   1.05252e-19   1.62454e-22    5.2707e-20     3.53574e-23     5.98895e-28    1.7679e-23       7.73533e-19       6.92196e-35   3.86766e-19         2.63629e-20         3.37692e-36   1.31814e-20
19     o3   o3_t2_ap_d2   9.18114e-12   1.94131e-10   1.01656e-10     8.12659e-14     1.33858e-11   6.73355e-12       0.000111342       2.31579e-11   5.56712e-05         5.00689e-06          1.0876e-12   2.50345e-06
20     o3   o3_t2_mf_d1   3.56673e-53   2.98245e-17   1.49123e-17     6.53439e-56     3.05721e-18    1.5286e-18       5.79003e-56       1.22693e-17   6.13464e-18         2.11487e-57         6.71054e-19   3.35527e-19
21     o3   o3_t2_mf_d2   8.50283e-10   2.16462e-33   4.25142e-10     6.62438e-13     2.31463e-35   3.31219e-13       1.11599e-11       2.63883e-31   5.57997e-12         4.16744e-13          1.3427e-32   2.08372e-13
22     o3   o3_t2_rp_d1   1.20536e-72   1.12239e-42   5.61195e-43     5.21457e-75      6.5691e-44   3.28455e-44        6.4548e-73       2.23351e-42   1.11675e-42         2.75344e-74         1.12776e-43   5.63881e-44
23     o3   o3_t2_rp_d2   4.86417e-17   9.60593e-12   4.80299e-12     7.10719e-22     8.68024e-13   4.34012e-13       1.58475e-26       8.02868e-11   4.01434e-11           5.609e-28         4.02961e-12   2.01481e-12
24     o4   o4_t1_cs_d1  3.55295e-105   5.72331e-76   2.86165e-76    5.09663e-106     4.57836e-76   2.28918e-76      2.40173e-110       4.16384e-82   2.08192e-82        8.35167e-112         2.46889e-83   1.23445e-83
25     o4   o4_t1_cs_d2   2.23818e-51    6.4648e-52   1.44233e-51     2.82241e-56     5.73321e-53   2.86801e-53       1.03277e-60       3.39509e-51   1.69755e-51         3.04568e-62         1.68759e-52   8.43796e-53
26     o4   o4_t2_ap_d1   6.69006e-64   6.70373e-82   3.34503e-64     9.75354e-65     1.94808e-84   4.87677e-65       4.11836e-73       2.36384e-82   2.05918e-73          1.5821e-74         7.29515e-84    7.9105e-75
27     o4   o4_t2_ap_d2   1.46946e-11   1.02499e-17   7.34729e-12     2.08974e-12     3.46312e-18   1.04487e-12        3.5183e-13       3.73912e-15   1.77784e-13         1.67615e-14          1.5079e-16   8.45613e-15
28     o4   o4_t2_mf_d1  2.76906e-143  8.70373e-124  4.35187e-124    3.87198e-146    4.95463e-125  2.47731e-125       1.7896e-152      1.59087e-121  7.95436e-122        9.93525e-154        7.15176e-123  3.57588e-123
29     o4   o4_t2_mf_d2  1.14081e-118  4.67218e-106  2.33609e-106    1.17543e-122    3.10605e-108  1.55303e-108      3.79245e-129      5.01823e-107  2.50911e-107        1.09271e-130        3.45909e-108  1.72954e-108
30     o4   o4_t2_rp_d1   5.00428e-87   4.46642e-87   4.73535e-87     4.92773e-92     1.06988e-87   5.34963e-88       3.03672e-97       1.01478e-86   5.07392e-87         1.32023e-98          5.1491e-88   2.57455e-88
31     o4   o4_t2_rp_d2   1.90184e-44   1.37893e-56   9.50919e-45     2.04453e-47     2.19951e-57   1.02226e-47       1.48495e-49        6.3881e-56   7.42473e-50           3.793e-51         3.28361e-57    1.8965e-51
32     o5   o5_t1_cs_d1  5.37874e-121   1.8896e-107  9.44798e-108    4.22076e-122    2.18946e-110  1.09473e-110      1.07263e-126      1.40912e-112  7.04562e-113        4.38108e-128        7.24543e-114  3.62272e-114
33     o5   o5_t1_cs_d2   4.80243e-69   9.6444e-157   2.40121e-69     2.35456e-71    9.64412e-157   1.17728e-71       1.58567e-62      1.87404e-163   7.92837e-63         6.00992e-64        8.03774e-165   3.00496e-64
34     o5   o5_t2_ap_d1   2.89193e-43   1.09378e-38   5.46903e-39      1.6198e-43     9.73345e-39   4.86681e-39       1.78894e-38       8.56703e-42   8.94898e-39         8.42344e-40         4.62985e-43   4.21403e-40
35     o5   o5_t2_ap_d2   9.40149e-76    8.6294e-89   4.70075e-76     8.93303e-78     7.50233e-89   4.46652e-78       1.60768e-69       6.03817e-84    8.0384e-70         6.12247e-71         2.14711e-85   3.06123e-71
36     o5   o5_t2_mf_d1   1.22177e-98   9.21472e-87   4.60736e-87     4.4062e-101    2.89908e-104  2.20455e-101      3.56851e-101       9.0846e-111  1.78425e-101        1.56279e-102        4.93017e-112  7.81395e-103
37     o5   o5_t2_mf_d2   1.20489e-68  9.11461e-131   6.02446e-69     5.85233e-71    4.75385e-133   2.92617e-71       2.30513e-60      6.64248e-138   1.15256e-60         8.51992e-62         3.2072e-139   4.25996e-62
38     o5   o5_t2_rp_d1   1.27448e-55  3.40132e-115   6.37238e-56     3.80165e-58    4.07246e-122   1.90083e-58       1.06671e-53      8.49587e-121   5.33354e-54         4.24726e-55        3.85834e-122   2.12363e-55
39     o5   o5_t2_rp_d2   4.56055e-34   7.28601e-92   2.28028e-34     2.66493e-36     1.33925e-96   1.33247e-36       8.22381e-32      2.20523e-102    4.1119e-32         3.21844e-33        7.86599e-104   1.60922e-33
40     o6   o6_t1_cs_d1    1.4911e-28    1.0042e-18   5.02099e-19     5.48988e-32     4.25844e-20   2.12922e-20       3.46415e-31       7.82589e-19   3.91294e-19         1.15318e-32          3.0442e-20    1.5221e-20
41     o6   o6_t1_cs_d2   5.46106e-55    1.4275e-55   3.44428e-55     4.50738e-62     3.59828e-59   1.80139e-59       8.32282e-69       1.61517e-53   8.07583e-54         4.40359e-70          6.2024e-55    3.1012e-55
42     o6   o6_t2_ap_d1  5.04965e-124    3.858e-108    1.929e-108    4.95316e-127    4.50723e-111  2.25362e-111      1.26736e-128      6.02799e-125  3.01463e-125         5.8887e-130         2.4612e-126  1.23089e-126
43     o6   o6_t2_ap_d2   1.65868e-87   3.54906e-46   1.77453e-46     1.53661e-87     6.43387e-47   3.21694e-47       6.37782e-90       1.19491e-45   5.97454e-46         2.80272e-91         5.77016e-47   2.88508e-47
44     o6   o6_t2_mf_d1   7.97223e-73   1.53812e-85   3.98611e-73     5.57777e-73     1.21904e-89   2.78888e-73       1.21941e-71       5.81534e-90   6.09703e-72         2.99391e-73         2.25446e-91   1.49695e-73
45     o6   o6_t2_mf_d2   2.98534e-53   1.22487e-35   6.12435e-36     2.76546e-53     9.31075e-38   4.65537e-38       3.22333e-54       5.24347e-38   2.62174e-38         1.27621e-55         1.94211e-39   9.71057e-40
46     o6   o6_t2_rp_d1   1.45015e-71   5.37185e-74   7.27759e-72     2.22829e-78      2.3698e-76   1.19604e-76        3.6143e-84       2.19261e-82   1.11438e-82         1.46056e-85         9.93799e-84   5.04202e-84
47     o6   o6_t2_rp_d2   2.67552e-24   3.11542e-16   1.55771e-16     8.65806e-25     5.02884e-18   2.51442e-18       6.63181e-23       1.50877e-16   7.54385e-17         2.45422e-24         7.72359e-18    3.8618e-18
48     o7   o7_t1_cs_d1  8.88719e-189   2.18789e-49   1.09395e-49    3.24242e-189     9.30044e-51   4.65022e-51      3.08724e-186       6.63425e-49   3.31713e-49        1.25449e-187         3.83823e-50   1.91912e-50
49     o7   o7_t1_cs_d2   1.39354e-59   1.22015e-62   6.97379e-60     1.33307e-61     1.36959e-67   6.66535e-62       5.90149e-61       1.07435e-78   2.95074e-61         2.59781e-62         5.98951e-80   1.29891e-62
50     o7   o7_t2_ap_d1  3.01171e-149   4.36878e-78   2.18439e-78     1.0988e-149     2.66964e-83   1.33482e-83       6.8066e-148       3.4024e-183   3.4033e-148        2.76975e-149         7.7049e-185  1.38487e-149
51     o7   o7_t2_ap_d2  7.88617e-124   2.98964e-21   1.49482e-21    2.87721e-124     7.83113e-23   3.91556e-23      4.73041e-123       7.06928e-19   3.53464e-19        1.92955e-124          3.4593e-20   1.72965e-20
52     o7   o7_t2_mf_d1  2.61164e-109  7.95904e-134  1.30582e-109    9.52837e-110    4.68374e-136  4.76419e-110      4.64718e-108      6.22403e-133  2.32359e-108        2.09274e-109        3.07149e-134  1.04637e-109
53     o7   o7_t2_mf_d2  5.99925e-102   1.67727e-86   8.38635e-87    2.03847e-102     6.94302e-89   3.47151e-89       9.41653e-95       6.64824e-89   3.32413e-89          3.9283e-96         2.81426e-90   1.40713e-90
54     o7   o7_t2_rp_d1   1.84726e-76   1.29444e-99   9.23629e-77     6.73958e-77    8.34525e-101   3.36979e-77       1.10177e-78       2.76286e-99   5.50884e-79         4.60817e-80         1.3888e-100   2.30408e-80
55     o7   o7_t2_rp_d2   3.06553e-43   3.53387e-43    3.2997e-43     9.32215e-45     1.46414e-46   4.73428e-45       1.82196e-41       5.19062e-45   9.11238e-42         8.64569e-43         3.82682e-46   4.32476e-43
56     o8   o8_t1_cs_d1  1.40158e-181   6.25988e-87   3.12994e-87    5.76234e-182     9.84179e-89   4.92089e-89      3.02819e-180       2.58595e-91   1.29297e-91        1.14515e-181         9.23629e-93   4.61814e-93
57     o8   o8_t1_cs_d2  7.90664e-108   1.96833e-80   9.84167e-81    3.37471e-108     5.80159e-87   2.90079e-87      1.25989e-102       3.98649e-88   1.99325e-88        5.39506e-104         1.92207e-89   9.61035e-90
58     o8   o8_t2_ap_d1  7.22691e-101   1.86311e-95    9.3156e-96    1.71364e-105     1.56613e-96   7.83063e-97      3.99848e-144       2.54411e-94   1.27205e-94        1.64643e-145         1.58273e-95   7.91367e-96
59     o8   o8_t2_ap_d2   1.18072e-92   2.42736e-19   1.21368e-19     1.48354e-99     1.45206e-19   7.26028e-20      1.02333e-124       2.61604e-15   1.30802e-15        4.36453e-126         1.33284e-16   6.66419e-17
60     o8   o8_t2_mf_d1  7.45375e-114   6.13721e-80    3.0686e-80    4.38315e-114     6.00499e-83   3.00249e-83      1.92448e-118       1.79597e-81   8.97987e-82        8.14153e-120         8.45442e-83   4.22721e-83
61     o8   o8_t2_mf_d2   2.2111e-150  4.31976e-128  2.15988e-128    2.77817e-157    5.38791e-131  2.69395e-131      2.19414e-165      2.22437e-138  1.11219e-138        8.46601e-167        1.77768e-139   8.8884e-140
62     o8   o8_t2_rp_d1  3.24248e-117   3.23004e-53   1.61502e-53    2.34958e-118     3.62924e-56   1.81462e-56      2.57093e-114       9.40293e-57   4.70146e-57        1.10241e-115         3.34966e-58   1.67483e-58
63     o8   o8_t2_rp_d2    8.4894e-76   1.40611e-86    4.2447e-76     4.23989e-76     5.48981e-87   2.11994e-76       4.42947e-77       4.43797e-87   2.21474e-77         1.80771e-78         2.15284e-88   9.03857e-79
64     o9   o9_t1_cs_d1  5.13368e-115   8.52452e-35   4.26226e-35    5.76707e-116     4.45085e-37   2.22543e-37       1.3296e-117       1.64124e-36   8.20622e-37        8.15539e-119         7.48367e-38   3.74183e-38
65     o9   o9_t1_cs_d2   3.7447e-127   2.19644e-16   1.09822e-16    2.05817e-129      4.3391e-18   2.16955e-18      3.32099e-127       2.71895e-13   1.35948e-13        1.84618e-128         1.20358e-14   6.01788e-15
66     o9   o9_t2_ap_d1  1.10377e-117   2.94336e-77   1.47168e-77    3.96535e-118      1.2391e-77   6.19548e-78      1.60028e-117       1.14586e-90   5.72932e-91        7.08462e-119         4.90464e-92   2.45232e-92
67     o9   o9_t2_ap_d2  2.42367e-142   1.77491e-59   8.87454e-60    1.77379e-146     1.97938e-61   9.89692e-62       3.4269e-141        1.4737e-54   7.36849e-55        2.34016e-142          4.8622e-56    2.4311e-56
68     o9   o9_t2_mf_d1  2.15407e-156  7.70457e-108  3.85229e-108    2.81858e-158    9.77154e-116  4.88577e-116      2.51457e-159      1.52186e-120   7.6093e-121        1.24063e-160        6.83202e-122  3.41601e-122
69     o9   o9_t2_mf_d2   5.87657e-56   1.21601e-25   6.08006e-26     1.14898e-58     4.65911e-28   2.32955e-28       3.33636e-58       1.37581e-27   6.87905e-28         1.45714e-59         5.60758e-29   2.80379e-29
70     o9   o9_t2_rp_d1  3.71598e-103   3.16339e-73    1.5817e-73    2.69156e-104     1.32015e-76   6.60074e-77      9.14144e-107       1.12484e-83    5.6242e-84        4.60576e-108         5.90032e-85   2.95016e-85
71     o9   o9_t2_rp_d2  1.35689e-111   4.64128e-54   2.32064e-54    1.10117e-112     1.40306e-54   7.01532e-55      1.26011e-112       3.16415e-54   1.58207e-54        1.00595e-113         1.40392e-55   7.01961e-56
72    o10  o10_t1_cs_d1    2.037e-165   3.0436e-100   1.5218e-100    1.01925e-165    1.42101e-100  7.10506e-101      3.36107e-164       1.78694e-99  8.93468e-100        2.07494e-165        8.04252e-101  4.02126e-101
73    o10  o10_t1_cs_d2  8.59179e-135  7.42643e-103  3.71322e-103    4.30962e-135    6.08002e-111  3.04001e-111      5.86874e-134      2.79515e-113  1.39757e-113        3.62306e-135        1.36193e-114  6.80965e-115
74    o10  o10_t2_ap_d1  3.76633e-106   6.75478e-40   3.37739e-40    1.89089e-106     6.44764e-44   3.22382e-44      1.45969e-102       6.57034e-39   3.28517e-39         7.8575e-104         4.01604e-40   2.00802e-40
75    o10  o10_t2_ap_d2  1.08951e-146  2.85291e-158  5.44756e-147     5.4699e-147    2.85234e-158  2.73495e-147      2.88098e-143      7.70897e-146  1.44435e-143        1.69656e-144        7.06792e-147  8.51814e-145
76    o10  o10_t2_mf_d1   1.32551e-40   5.03471e-24   2.51736e-24       4.139e-42     1.75754e-24   8.78769e-25       1.38155e-39        1.5713e-22   7.85651e-23         5.70666e-41         8.18912e-24   4.09456e-24
77    o10  o10_t2_mf_d2    1.0067e-88  6.30803e-129    5.0335e-89     3.58353e-89    3.23387e-132   1.79177e-89       8.15718e-88      1.35594e-135   4.07859e-88         5.03382e-89        4.59994e-137   2.51691e-89
78    o10  o10_t2_rp_d1  5.21891e-146   3.82129e-41   1.91064e-41    1.96133e-148      3.8187e-41   1.90935e-41      8.21078e-147       9.44015e-32   4.72008e-32        5.06891e-148         3.57367e-33   1.78683e-33
79    o10  o10_t2_rp_d2   6.48212e-92  4.13983e-183   3.24106e-92    4.39809e-101    2.46907e-195  2.19905e-101      2.48166e-122      5.02799e-205  1.24083e-122        9.82927e-124        2.14158e-206  4.91463e-124